Workflow Count: 100 alft_Task execution time : 0.1 vita_Data transfer time: 0.2 gama_Deadline Factor: 4.0
Repeat	alft	Name	totalCost	               totalRU	totalSR	   DD	  ST
0	0.1	ROSA	55812.80000	0.60177	0.82000	-0.04217	0.50805
0	0.1	NOSF	20592.47160	0.78982	0.62000	-0.03270	0.28176
0	0.1	RMWS	16971.95140	0.83610	0.85000	-0.13680	0.49944
1	0.1	ROSA	37059.60000	0.60709	0.83000	-0.06028	0.35038
1	0.1	NOSF	18252.82700	0.71113	0.72000	-0.02846	0.26746
1	0.1	RMWS	10752.37040	0.77014	0.83000	-0.20944	0.60362
2	0.1	ROSA	53891.20000	0.73207	0.84000	-0.05925	0.37589
2	0.1	NOSF	24660.78740	0.85028	0.63000	-0.01846	0.17884
2	0.1	RMWS	20248.08920	0.87744	0.84000	-0.10891	0.53933
3	0.1	ROSA	57087.60000	0.75972	0.82000	-0.05041	0.44985
3	0.1	NOSF	33012.26920	0.83806	0.68000	-0.02934	0.27035
3	0.1	RMWS	22386.35540	0.87289	0.83000	-0.13526	0.69056
4	0.1	ROSA	42309.60000	0.67296	0.69000	-0.03157	0.43143
4	0.1	NOSF	21168.43460	0.78566	0.74000	-0.05142	0.25687
4	0.1	RMWS	18385.36820	0.77618	0.80000	-0.17255	0.68978
5	0.1	ROSA	52657.20000	0.77492	0.92000	-0.05485	0.32067
5	0.1	NOSF	25724.97340	0.85317	0.68000	-0.01787	0.18994
5	0.1	RMWS	21604.29720	0.88801	0.87000	-0.14290	0.53896
6	0.1	ROSA	41953.60000	0.62097	0.77000	-0.02945	0.30408
6	0.1	NOSF	15458.49940	0.81154	0.76000	-0.02981	0.16550
6	0.1	RMWS	14282.05680	0.82393	0.85000	-0.18243	0.44243
7	0.1	ROSA	40502.80000	0.51271	0.84000	-0.05472	0.55516
7	0.1	NOSF	20892.30380	0.66170	0.70000	-0.02752	0.30993
7	0.1	RMWS	10801.35200	0.69944	0.84000	-0.18217	0.65716
8	0.1	ROSA	58756.80000	0.71420	0.88000	-0.07567	0.60008
8	0.1	NOSF	36834.01260	0.77866	0.73000	-0.01351	0.36987
8	0.1	RMWS	24067.17160	0.83598	0.82000	-0.14874	0.69148
9	0.1	ROSA	41254.40000	0.58610	0.81000	-0.04840	0.43193
9	0.1	NOSF	19551.53480	0.74322	0.62000	-0.02147	0.22552
9	0.1	RMWS	19244.44620	0.75890	0.80000	-0.18885	0.56316
Average:	0.1	ROSA	48128.56000	0.65825	0.82200	-0.05068	0.43275
Average:	0.1	NOSF	23614.81138	0.78232	0.68800	-0.02705	0.25160
Average:	0.1	RMWS	17874.34584	0.81390	0.83300	-0.16080	0.59159
0	0.15000000000000002	ROSA	70064.80000	0.72902	0.82000	-0.05681	0.60578
0	0.15000000000000002	NOSF	51177.89620	0.81411	0.66000	-0.03030	0.33834
0	0.15000000000000002	RMWS	22185.31500	0.90208	0.84000	-0.13277	0.55305
1	0.15000000000000002	ROSA	63414.80000	0.73668	0.73000	-0.02680	0.52853
1	0.15000000000000002	NOSF	41186.41960	0.82203	0.63000	-0.03789	0.32954
1	0.15000000000000002	RMWS	22218.94060	0.86226	0.78000	-0.08333	0.70616
2	0.15000000000000002	ROSA	49752.80000	0.80046	0.74000	-0.04899	0.37261
2	0.15000000000000002	NOSF	35167.06060	0.81233	0.65000	-0.04106	0.30174
2	0.15000000000000002	RMWS	24233.21220	0.83076	0.79000	-0.11078	0.57623
3	0.15000000000000002	ROSA	42825.60000	0.68260	0.77000	-0.04188	0.44112
3	0.15000000000000002	NOSF	25713.20460	0.77025	0.58000	-0.04954	0.26655
3	0.15000000000000002	RMWS	19029.59160	0.79337	0.74000	-0.11641	0.62466
4	0.15000000000000002	ROSA	65218.00000	0.61588	0.73000	-0.03735	0.43899
4	0.15000000000000002	NOSF	23298.70480	0.85618	0.65000	-0.03903	0.20669
4	0.15000000000000002	RMWS	17878.18640	0.86292	0.80000	-0.10444	0.55277
5	0.15000000000000002	ROSA	61876.40000	0.70910	0.80000	-0.05002	0.54402
5	0.15000000000000002	NOSF	36510.35860	0.82999	0.69000	-0.03352	0.24440
5	0.15000000000000002	RMWS	20239.94560	0.87818	0.81000	-0.11745	0.53289
6	0.15000000000000002	ROSA	69506.00000	0.73586	0.73000	-0.03132	0.58898
6	0.15000000000000002	NOSF	40414.28800	0.85732	0.72000	-0.05670	0.28884
6	0.15000000000000002	RMWS	23970.49240	0.89836	0.77000	-0.09881	0.59324
7	0.15000000000000002	ROSA	52316.00000	0.58584	0.83000	-0.05532	0.50627
7	0.15000000000000002	NOSF	18018.52240	0.79254	0.64000	-0.04257	0.27313
7	0.15000000000000002	RMWS	16806.82540	0.81311	0.80000	-0.15240	0.52782
8	0.15000000000000002	ROSA	64472.00000	0.58540	0.69000	-0.04332	0.70874
8	0.15000000000000002	NOSF	36177.38180	0.76413	0.63000	-0.03659	0.32109
8	0.15000000000000002	RMWS	22266.94660	0.81856	0.72000	-0.13250	0.72546
9	0.15000000000000002	ROSA	43852.00000	0.65149	0.70000	0.00304	0.48533
9	0.15000000000000002	NOSF	32510.94320	0.67764	0.75000	-0.06978	0.36305
9	0.15000000000000002	RMWS	20099.41940	0.75214	0.76000	-0.16132	0.75367
Average:	0.15000000000000002	ROSA	58329.84000	0.68323	0.75400	-0.03888	0.52204
Average:	0.15000000000000002	NOSF	34017.47798	0.79965	0.66000	-0.04370	0.29334
Average:	0.15000000000000002	RMWS	20892.88752	0.84117	0.78100	-0.12102	0.61459
0	0.2	ROSA	44811.60000	0.69544	0.80000	-0.04492	0.32947
0	0.2	NOSF	23186.92620	0.79868	0.61000	-0.01839	0.19092
0	0.2	RMWS	15703.02280	0.84499	0.83000	-0.14006	0.36232
1	0.2	ROSA	56091.60000	0.72001	0.76000	-0.03952	0.37662
1	0.2	NOSF	25091.42940	0.84129	0.59000	-0.00711	0.21190
1	0.2	RMWS	20887.01280	0.85784	0.74000	-0.09931	0.50923
2	0.2	ROSA	51812.00000	0.78048	0.78000	-0.02571	0.37960
2	0.2	NOSF	30923.43900	0.79774	0.69000	-0.02506	0.29885
2	0.2	RMWS	17387.26140	0.85731	0.84000	-0.17016	0.64617
3	0.2	ROSA	46489.60000	0.72307	0.70000	-0.01861	0.35897
3	0.2	NOSF	27479.52480	0.79013	0.63000	-0.02608	0.25063
3	0.2	RMWS	20303.68720	0.81727	0.80000	-0.14456	0.50303
4	0.2	ROSA	43481.60000	0.77688	0.68000	-0.02533	0.36881
4	0.2	NOSF	23933.86960	0.79135	0.59000	-0.01213	0.31126
4	0.2	RMWS	16153.22880	0.80382	0.80000	-0.15474	0.65113
5	0.2	ROSA	67958.40000	0.80941	0.71000	-0.03014	0.46895
5	0.2	NOSF	50365.30140	0.83208	0.57000	-0.02518	0.28430
5	0.2	RMWS	27617.74020	0.87683	0.76000	-0.10164	0.64657
6	0.2	ROSA	32982.40000	0.70510	0.73000	-0.03596	0.23798
6	0.2	NOSF	19573.49340	0.76677	0.68000	-0.00833	0.15212
6	0.2	RMWS	11793.24520	0.80440	0.84000	-0.20037	0.42274
7	0.2	ROSA	43786.80000	0.76612	0.81000	-0.03188	0.25539
7	0.2	NOSF	17291.09660	0.85508	0.51000	0.02062	0.15475
7	0.2	RMWS	17871.54040	0.86543	0.78000	-0.11676	0.41756
8	0.2	ROSA	40112.00000	0.62658	0.76000	-0.04570	0.25222
8	0.2	NOSF	17085.85160	0.82069	0.57000	-0.01514	0.12625
8	0.2	RMWS	17508.68780	0.82326	0.77000	-0.14177	0.31864
9	0.2	ROSA	45648.80000	0.54331	0.76000	-0.01478	0.51888
9	0.2	NOSF	26115.35800	0.68990	0.61000	-0.02375	0.25550
9	0.2	RMWS	14289.99660	0.74785	0.73000	-0.15979	0.58927
Average:	0.2	ROSA	47317.48000	0.71464	0.74900	-0.03125	0.35469
Average:	0.2	NOSF	26104.62900	0.79837	0.60500	-0.01405	0.22365
Average:	0.2	RMWS	17951.54232	0.82990	0.78900	-0.14292	0.50667
0	0.25	ROSA	45431.60000	0.66386	0.67000	-0.04463	0.41510
0	0.25	NOSF	17225.28160	0.82874	0.55000	-0.02112	0.21315
0	0.25	RMWS	14880.31780	0.81559	0.70000	-0.10801	0.49682
1	0.25	ROSA	60329.60000	0.78304	0.72000	0.00393	0.35937
1	0.25	NOSF	36734.64320	0.83952	0.63000	-0.01414	0.21327
1	0.25	RMWS	25974.67060	0.88649	0.75000	-0.09849	0.51563
2	0.25	ROSA	41562.40000	0.66546	0.71000	-0.00679	0.34988
2	0.25	NOSF	28281.28240	0.73402	0.54000	-0.01012	0.19922
2	0.25	RMWS	16924.52660	0.78520	0.74000	-0.13629	0.48755
3	0.25	ROSA	41702.80000	0.81321	0.74000	-0.02637	0.22145
3	0.25	NOSF	23189.81180	0.82902	0.52000	0.01102	0.15038
3	0.25	RMWS	16566.94640	0.87161	0.83000	-0.14497	0.44634
4	0.25	ROSA	43893.20000	0.78265	0.70000	-0.00521	0.28896
4	0.25	NOSF	22836.36100	0.81362	0.58000	-0.02404	0.22981
4	0.25	RMWS	20498.80600	0.82124	0.70000	-0.09541	0.51779
5	0.25	ROSA	52172.80000	0.66637	0.73000	-0.02259	0.41428
5	0.25	NOSF	29445.95820	0.77979	0.61000	0.00122	0.21459
5	0.25	RMWS	20858.91560	0.84180	0.75000	-0.12486	0.53672
6	0.25	ROSA	61538.00000	0.64312	0.72000	-0.01859	0.65140
6	0.25	NOSF	37106.37720	0.75943	0.58000	-0.02655	0.35556
6	0.25	RMWS	25777.88460	0.75736	0.65000	-0.09369	0.75410
7	0.25	ROSA	53165.20000	0.60874	0.66000	-0.00407	0.49437
7	0.25	NOSF	21536.74000	0.80027	0.64000	-0.03081	0.19895
7	0.25	RMWS	16583.19680	0.81739	0.81000	-0.14842	0.44013
8	0.25	ROSA	78335.20000	0.66211	0.71000	-0.03498	0.63358
8	0.25	NOSF	35811.62920	0.83736	0.59000	-0.00969	0.31685
8	0.25	RMWS	26821.82500	0.86962	0.67000	-0.07521	0.67296
9	0.25	ROSA	53941.20000	0.66547	0.65000	0.00989	0.50840
9	0.25	NOSF	22189.01080	0.81558	0.60000	-0.03853	0.26850
9	0.25	RMWS	17994.29880	0.80897	0.73000	-0.07741	0.60225
Average:	0.25	ROSA	53207.20000	0.69540	0.70100	-0.01494	0.43368
Average:	0.25	NOSF	27435.70954	0.80373	0.58400	-0.01628	0.23603
Average:	0.25	RMWS	20288.13882	0.82753	0.73300	-0.11028	0.54703
0	0.3	ROSA	39832.80000	0.53805	0.74000	-0.02157	0.38911
0	0.3	NOSF	23157.54880	0.65493	0.51000	0.00492	0.32025
0	0.3	RMWS	15770.55700	0.66623	0.72000	-0.17126	0.65652
1	0.3	ROSA	55148.80000	0.45715	0.54000	0.02495	0.64481
1	0.3	NOSF	30845.36640	0.61116	0.47000	0.01289	0.42902
1	0.3	RMWS	17726.98180	0.64738	0.68000	-0.12432	0.85740
2	0.3	ROSA	53325.60000	0.83010	0.78000	-0.02346	0.33402
2	0.3	NOSF	36429.57720	0.83180	0.52000	-0.00020	0.23500
2	0.3	RMWS	25278.20280	0.86393	0.68000	-0.09595	0.44417
3	0.3	ROSA	44073.60000	0.56593	0.70000	-0.00967	0.34360
3	0.3	NOSF	14375.85820	0.77332	0.55000	0.00758	0.19867
3	0.3	RMWS	14539.45920	0.76986	0.81000	-0.14908	0.34766
4	0.3	ROSA	40090.40000	0.71097	0.70000	-0.01853	0.33300
4	0.3	NOSF	26739.82800	0.73291	0.61000	-0.01861	0.29806
4	0.3	RMWS	22872.22260	0.71417	0.75000	-0.14002	0.65364
5	0.3	ROSA	46187.60000	0.69299	0.62000	-0.00283	0.48648
5	0.3	NOSF	26299.56000	0.76326	0.56000	-0.01991	0.32370
5	0.3	RMWS	15313.25620	0.78904	0.67000	-0.09964	0.60674
6	0.3	ROSA	49780.00000	0.74151	0.80000	-0.05065	0.32793
6	0.3	NOSF	27170.00240	0.79502	0.53000	0.02046	0.23951
6	0.3	RMWS	19546.60560	0.81092	0.71000	-0.11956	0.57102
7	0.3	ROSA	59367.20000	0.63556	0.72000	-0.05833	0.55379
7	0.3	NOSF	29904.75580	0.77588	0.46000	0.02358	0.30445
7	0.3	RMWS	22616.50900	0.78968	0.65000	-0.08067	0.64898
8	0.3	ROSA	43587.20000	0.69430	0.75000	-0.04708	0.33179
8	0.3	NOSF	20422.48260	0.78786	0.51000	0.02188	0.21910
8	0.3	RMWS	15661.69220	0.82157	0.78000	-0.15709	0.47558
9	0.3	ROSA	57177.60000	0.59614	0.70000	-0.03589	0.39240
9	0.3	NOSF	19007.10080	0.83548	0.57000	0.00233	0.15752
9	0.3	RMWS	16988.25880	0.84318	0.80000	-0.12974	0.43799
Average:	0.3	ROSA	48857.08000	0.64627	0.70500	-0.02431	0.41369
Average:	0.3	NOSF	25435.20802	0.75616	0.52900	0.00549	0.27253
Average:	0.3	RMWS	18631.37452	0.77160	0.72500	-0.12673	0.56997
0	0.35	ROSA	70522.40000	0.74485	0.69000	-0.00910	0.50144
0	0.35	NOSF	42316.00380	0.83484	0.49000	0.03261	0.25251
0	0.35	RMWS	32283.48200	0.86134	0.64000	-0.06563	0.63811
1	0.35	ROSA	54153.60000	0.58359	0.61000	0.00504	0.50878
1	0.35	NOSF	37453.65920	0.69242	0.54000	0.01557	0.23972
1	0.35	RMWS	19910.77000	0.76575	0.65000	-0.11316	0.57712
2	0.35	ROSA	48822.40000	0.77608	0.79000	-0.01210	0.28290
2	0.35	NOSF	27823.27360	0.82976	0.52000	0.01253	0.17480
2	0.35	RMWS	18454.29420	0.85610	0.69000	-0.07458	0.32361
3	0.35	ROSA	54423.20000	0.75674	0.66000	-0.01825	0.44953
3	0.35	NOSF	46245.01580	0.74225	0.53000	0.01951	0.29672
3	0.35	RMWS	25322.53660	0.81797	0.62000	-0.08104	0.47242
4	0.35	ROSA	49484.40000	0.68231	0.67000	0.00452	0.39343
4	0.35	NOSF	27205.09620	0.80341	0.60000	-0.01691	0.21379
4	0.35	RMWS	19727.15480	0.79820	0.61000	-0.06205	0.38272
5	0.35	ROSA	59409.60000	0.69236	0.59000	0.04093	0.51468
5	0.35	NOSF	38688.91600	0.78743	0.52000	-0.02534	0.32517
5	0.35	RMWS	27987.86360	0.79990	0.67000	-0.08893	0.60079
6	0.35	ROSA	52595.20000	0.75957	0.68000	0.00548	0.38614
6	0.35	NOSF	33932.85600	0.80407	0.58000	0.00129	0.29160
6	0.35	RMWS	17995.05100	0.82329	0.72000	-0.08607	0.55353
7	0.35	ROSA	63251.20000	0.81030	0.77000	-0.03611	0.36169
7	0.35	NOSF	51122.91940	0.83801	0.57000	-0.00941	0.18551
7	0.35	RMWS	24238.29200	0.90797	0.59000	-0.05386	0.49339
8	0.35	ROSA	60558.80000	0.72235	0.73000	0.00472	0.43249
8	0.35	NOSF	36680.86600	0.81713	0.49000	0.02244	0.23009
8	0.35	RMWS	23955.46060	0.86444	0.65000	-0.06052	0.51906
9	0.35	ROSA	55577.60000	0.65690	0.74000	-0.03860	0.51478
9	0.35	NOSF	25507.07380	0.79852	0.50000	0.00765	0.24849
9	0.35	RMWS	21657.33520	0.79231	0.64000	-0.06909	0.54442
Average:	0.35	ROSA	56879.84000	0.71851	0.69300	-0.00535	0.43459
Average:	0.35	NOSF	36697.56798	0.79478	0.53400	0.00600	0.24584
Average:	0.35	RMWS	23153.22400	0.82873	0.64800	-0.07549	0.51052
0	0.39999999999999997	ROSA	50382.40000	0.86927	0.80000	-0.03974	0.24312
0	0.39999999999999997	NOSF	34403.07700	0.83298	0.45000	0.05489	0.21153
0	0.39999999999999997	RMWS	21847.31820	0.88004	0.59000	-0.06144	0.50320
1	0.39999999999999997	ROSA	63208.40000	0.74328	0.65000	0.00389	0.47198
1	0.39999999999999997	NOSF	32741.65080	0.82921	0.46000	0.03469	0.26088
1	0.39999999999999997	RMWS	24709.22700	0.84493	0.64000	-0.07634	0.61064
2	0.39999999999999997	ROSA	48902.40000	0.73453	0.70000	-0.03330	0.32748
2	0.39999999999999997	NOSF	34802.74200	0.76690	0.47000	0.05374	0.20830
2	0.39999999999999997	RMWS	21819.72900	0.83654	0.64000	-0.08230	0.50493
3	0.39999999999999997	ROSA	59185.20000	0.62649	0.64000	-0.02076	0.53974
3	0.39999999999999997	NOSF	35294.80720	0.75139	0.44000	0.04315	0.30028
3	0.39999999999999997	RMWS	22008.58460	0.78645	0.60000	-0.07300	0.64551
4	0.39999999999999997	ROSA	63020.00000	0.65449	0.62000	0.02667	0.50822
4	0.39999999999999997	NOSF	31364.75140	0.78185	0.42000	0.04203	0.38370
4	0.39999999999999997	RMWS	25453.82940	0.76658	0.53000	-0.04393	0.63481
5	0.39999999999999997	ROSA	57330.00000	0.79818	0.68000	-0.01449	0.40197
5	0.39999999999999997	NOSF	38048.14880	0.82790	0.53000	-0.00355	0.26804
5	0.39999999999999997	RMWS	25687.42900	0.85231	0.59000	-0.07005	0.54794
6	0.39999999999999997	ROSA	57243.60000	0.71202	0.57000	0.03615	0.56803
6	0.39999999999999997	NOSF	35972.94320	0.75698	0.41000	0.06296	0.40490
6	0.39999999999999997	RMWS	21825.34980	0.78718	0.56000	-0.05900	0.79381
7	0.39999999999999997	ROSA	56341.60000	0.71569	0.67000	0.02086	0.38009
7	0.39999999999999997	NOSF	26121.77280	0.84307	0.47000	0.02677	0.18624
7	0.39999999999999997	RMWS	19046.08700	0.85538	0.64000	-0.07984	0.41535
8	0.39999999999999997	ROSA	48059.20000	0.49538	0.62000	-0.00289	0.49473
8	0.39999999999999997	NOSF	27963.36060	0.64186	0.53000	0.02513	0.29397
8	0.39999999999999997	RMWS	19096.08720	0.63152	0.65000	-0.14168	0.63583
9	0.39999999999999997	ROSA	48788.00000	0.68510	0.68000	-0.00159	0.39253
9	0.39999999999999997	NOSF	19744.99640	0.81560	0.47000	0.02060	0.22901
9	0.39999999999999997	RMWS	14138.17780	0.84865	0.72000	-0.11845	0.40804
Average:	0.39999999999999997	ROSA	55246.08000	0.70344	0.66300	-0.00252	0.43279
Average:	0.39999999999999997	NOSF	31645.82502	0.78477	0.46500	0.03604	0.27468
Average:	0.39999999999999997	RMWS	21563.18190	0.80896	0.61600	-0.08060	0.57001
0	0.44999999999999996	ROSA	60038.00000	0.74413	0.67000	-0.00721	0.42838
0	0.44999999999999996	NOSF	38548.02800	0.80157	0.49000	0.02727	0.28987
0	0.44999999999999996	RMWS	26563.53720	0.84261	0.58000	-0.04911	0.53059
1	0.44999999999999996	ROSA	54502.40000	0.68791	0.69000	-0.01233	0.40009
1	0.44999999999999996	NOSF	29438.68680	0.78208	0.50000	0.04306	0.24774
1	0.44999999999999996	RMWS	16765.62000	0.85775	0.66000	-0.09216	0.49430
2	0.44999999999999996	ROSA	60396.00000	0.78591	0.66000	-0.00946	0.44240
2	0.44999999999999996	NOSF	46580.36080	0.79037	0.44000	0.02662	0.31886
2	0.44999999999999996	RMWS	27263.53360	0.83380	0.52000	-0.05408	0.66344
3	0.44999999999999996	ROSA	45878.40000	0.49246	0.57000	-0.01228	0.40813
3	0.44999999999999996	NOSF	28862.05220	0.61660	0.45000	0.04218	0.28079
3	0.44999999999999996	RMWS	20549.76820	0.63370	0.65000	-0.14625	0.60767
4	0.44999999999999996	ROSA	47692.80000	0.61420	0.68000	0.00726	0.46157
4	0.44999999999999996	NOSF	25651.66840	0.76629	0.33000	0.05831	0.20194
4	0.44999999999999996	RMWS	17562.24460	0.80124	0.58000	-0.08850	0.33904
5	0.44999999999999996	ROSA	50876.80000	0.76340	0.66000	0.05339	0.37562
5	0.44999999999999996	NOSF	29978.97900	0.80553	0.40000	0.03452	0.25772
5	0.44999999999999996	RMWS	22108.64940	0.83237	0.56000	-0.05951	0.41262
6	0.44999999999999996	ROSA	43585.60000	0.64902	0.70000	-0.01205	0.38974
6	0.44999999999999996	NOSF	27308.18520	0.69242	0.40000	0.06937	0.28790
6	0.44999999999999996	RMWS	14300.49400	0.74745	0.75000	-0.14188	0.55327
7	0.44999999999999996	ROSA	51966.80000	0.71774	0.75000	-0.01648	0.32875
7	0.44999999999999996	NOSF	30805.40760	0.79723	0.50000	0.00202	0.26481
7	0.44999999999999996	RMWS	21838.62680	0.81163	0.67000	-0.10393	0.62279
8	0.44999999999999996	ROSA	51505.20000	0.79900	0.70000	-0.00909	0.26097
8	0.44999999999999996	NOSF	34497.15540	0.81357	0.37000	0.06167	0.22316
8	0.44999999999999996	RMWS	22699.79100	0.85564	0.68000	-0.07457	0.50999
9	0.44999999999999996	ROSA	34606.00000	0.54825	0.65000	-0.01537	0.26217
9	0.44999999999999996	NOSF	26617.13440	0.60707	0.47000	0.03804	0.17940
9	0.44999999999999996	RMWS	15900.46180	0.70660	0.70000	-0.15199	0.42318
Average:	0.44999999999999996	ROSA	50104.80000	0.68020	0.67300	-0.00336	0.37578
Average:	0.44999999999999996	NOSF	31828.76578	0.74727	0.43500	0.04031	0.25522
Average:	0.44999999999999996	RMWS	20555.27266	0.79228	0.63500	-0.09620	0.51569
0	0.49999999999999994	ROSA	52488.80000	0.75055	0.73000	-0.01012	0.34574
0	0.49999999999999994	NOSF	35099.98460	0.79429	0.48000	0.02536	0.23292
0	0.49999999999999994	RMWS	17479.25200	0.85343	0.64000	-0.08813	0.47382
1	0.49999999999999994	ROSA	54803.20000	0.71397	0.69000	-0.01618	0.42214
1	0.49999999999999994	NOSF	37745.03640	0.79031	0.45000	0.04047	0.20869
1	0.49999999999999994	RMWS	23730.81520	0.82729	0.58000	-0.05692	0.51078
2	0.49999999999999994	ROSA	49663.20000	0.63382	0.64000	-0.00014	0.38610
2	0.49999999999999994	NOSF	31881.83140	0.71503	0.36000	0.06721	0.29360
2	0.49999999999999994	RMWS	20108.29820	0.76941	0.61000	-0.09281	0.62730
3	0.49999999999999994	ROSA	69437.60000	0.71310	0.62000	0.00133	0.55803
3	0.49999999999999994	NOSF	45061.50520	0.80290	0.48000	0.04851	0.31353
3	0.49999999999999994	RMWS	25406.12840	0.85277	0.58000	-0.05453	0.59990
4	0.49999999999999994	ROSA	66396.40000	0.64884	0.61000	-0.00092	0.61589
4	0.49999999999999994	NOSF	35559.65840	0.78842	0.44000	0.04792	0.33605
4	0.49999999999999994	RMWS	24028.77660	0.80536	0.62000	-0.07302	0.67827
5	0.49999999999999994	ROSA	51582.00000	0.75809	0.61000	0.03230	0.39168
5	0.49999999999999994	NOSF	42067.99180	0.73092	0.48000	0.05228	0.25058
5	0.49999999999999994	RMWS	20574.19060	0.83326	0.66000	-0.09862	0.49994
6	0.49999999999999994	ROSA	61533.20000	0.71444	0.72000	0.00707	0.50013
6	0.49999999999999994	NOSF	25383.99780	0.84126	0.53000	0.03000	0.23021
6	0.49999999999999994	RMWS	18665.80560	0.87280	0.66000	-0.10006	0.55821
7	0.49999999999999994	ROSA	68735.20000	0.75580	0.76000	-0.03868	0.47730
7	0.49999999999999994	NOSF	42947.54760	0.84022	0.45000	0.02469	0.25654
7	0.49999999999999994	RMWS	24867.02740	0.88017	0.60000	-0.05764	0.40845
8	0.49999999999999994	ROSA	53913.60000	0.69963	0.70000	-0.01802	0.40094
8	0.49999999999999994	NOSF	37992.11520	0.74907	0.53000	0.00154	0.27413
8	0.49999999999999994	RMWS	23403.68720	0.80349	0.65000	-0.08163	0.54214
9	0.49999999999999994	ROSA	51387.20000	0.70118	0.72000	-0.03538	0.26891
9	0.49999999999999994	NOSF	27679.39780	0.79288	0.55000	0.02030	0.16617
9	0.49999999999999994	RMWS	19518.35860	0.83338	0.71000	-0.11153	0.31775
Average:	0.49999999999999994	ROSA	57994.04000	0.70894	0.68000	-0.00787	0.43669
Average:	0.49999999999999994	NOSF	36141.90662	0.78453	0.47500	0.03583	0.25624
Average:	0.49999999999999994	RMWS	21778.23398	0.83314	0.63100	-0.08149	0.52166
