Workflow Count: 100 alft_Task execution time : 0.2 vita_Data transfer time: 0.2 gama_Deadline Factor: 1.0
Repeat	gama	Name	totalCost	               totalRU	totalSR	   DD	  ST
0	1.0	ROSA	152454.40000	0.22550	0.00000	1.12692	1.99889
0	1.0	NOSF	109017.60000	0.31401	0.00000	1.14499	0.96843
0	1.0	RMWS	100528.00800	0.33734	0.00000	1.16800	1.21992
1	1.0	ROSA	165747.20000	0.21023	0.00000	1.05516	1.97717
1	1.0	NOSF	106521.31960	0.31541	0.00000	1.07001	1.00042
1	1.0	RMWS	97818.15940	0.34210	0.00000	1.07650	1.25494
2	1.0	ROSA	182003.20000	0.23513	0.00000	1.25296	2.41964
2	1.0	NOSF	129161.98200	0.32812	0.00000	1.26758	1.24402
2	1.0	RMWS	117781.14340	0.35761	0.00000	1.28060	1.49017
3	1.0	ROSA	181248.00000	0.18588	0.00000	1.12625	2.37385
3	1.0	NOSF	115155.63920	0.28348	0.00000	1.14455	1.12470
3	1.0	RMWS	105916.23640	0.30413	0.00000	1.16922	1.43702
4	1.0	ROSA	179539.20000	0.25407	0.00000	0.97439	2.22643
4	1.0	NOSF	105358.56680	0.42288	0.00000	0.98577	0.80458
4	1.0	RMWS	92617.50780	0.47733	0.00000	0.99212	0.89685
5	1.0	ROSA	156656.00000	0.20816	0.00000	1.11571	2.07149
5	1.0	NOSF	108538.93800	0.29899	0.00000	1.12824	1.02442
5	1.0	RMWS	98942.90200	0.32342	0.00000	1.14201	1.10554
6	1.0	ROSA	165561.60000	0.13554	0.00000	1.05933	2.26061
6	1.0	NOSF	110067.47680	0.20105	0.00000	1.08107	1.21764
6	1.0	RMWS	101851.17260	0.21385	0.00000	1.10175	1.50316
7	1.0	ROSA	242153.60000	0.25161	0.00000	0.98126	2.96763
7	1.0	NOSF	149874.82140	0.39857	0.00000	0.99322	1.29679
7	1.0	RMWS	132259.97660	0.44548	0.00000	1.00684	1.34484
8	1.0	ROSA	178656.00000	0.21664	0.00000	1.34046	2.40465
8	1.0	NOSF	120562.40340	0.31505	0.00000	1.35459	1.21616
8	1.0	RMWS	110684.54220	0.34055	0.00000	1.36814	1.46235
9	1.0	ROSA	162640.00000	0.20327	0.00000	1.16091	2.20030
9	1.0	NOSF	115078.24800	0.28194	0.00000	1.17554	1.19620
9	1.0	RMWS	106337.17640	0.30185	0.00000	1.19081	1.47310
Average:	1.0	ROSA	176665.92000	0.21260	0.00000	1.11934	2.29007
Average:	1.0	NOSF	116933.69952	0.31595	0.00000	1.13456	1.10934
Average:	1.0	RMWS	106473.68248	0.34437	0.00000	1.14960	1.31879
0	2.0	ROSA	59497.60000	0.42567	0.56000	0.19702	0.79890
0	2.0	NOSF	59199.08460	0.48155	0.25000	0.25088	0.51934
0	2.0	RMWS	63348.77260	0.37812	0.55000	0.07200	1.07594
1	2.0	ROSA	63827.20000	0.42218	0.65000	0.13294	0.70014
1	2.0	NOSF	43560.97660	0.60908	0.20000	0.19668	0.28896
1	2.0	RMWS	43607.37860	0.51724	0.61000	0.00548	0.70275
2	2.0	ROSA	65000.80000	0.47186	0.59000	0.21420	0.75715
2	2.0	NOSF	58155.02000	0.54970	0.34000	0.22926	0.34275
2	2.0	RMWS	55195.96720	0.52466	0.60000	0.07694	0.73153
3	2.0	ROSA	76857.20000	0.37626	0.52000	0.25069	1.00365
3	2.0	NOSF	68835.18900	0.43932	0.27000	0.28132	0.56597
3	2.0	RMWS	67475.34640	0.40785	0.55000	0.14641	1.10788
4	2.0	ROSA	78793.60000	0.55752	0.56000	0.19266	0.80627
4	2.0	NOSF	67186.68880	0.63695	0.18000	0.24790	0.42315
4	2.0	RMWS	62771.27300	0.64789	0.64000	0.08081	0.73329
5	2.0	ROSA	52969.60000	0.50411	0.66000	0.13017	0.50272
5	2.0	NOSF	42175.56040	0.61925	0.27000	0.20753	0.24011
5	2.0	RMWS	41379.23740	0.57682	0.65000	0.02340	0.49544
6	2.0	ROSA	73318.40000	0.45528	0.58000	0.20412	0.84471
6	2.0	NOSF	64390.96680	0.54411	0.17000	0.26768	0.52455
6	2.0	RMWS	63216.76280	0.48967	0.59000	0.10761	0.99384
7	2.0	ROSA	69324.80000	0.45936	0.54000	0.21630	0.79681
7	2.0	NOSF	60259.54980	0.53597	0.19000	0.29391	0.47619
7	2.0	RMWS	57776.60600	0.52035	0.58000	0.11573	0.79024
8	2.0	ROSA	68131.20000	0.42608	0.54000	0.20810	0.73252
8	2.0	NOSF	54742.68820	0.55316	0.30000	0.23044	0.34552
8	2.0	RMWS	53376.08780	0.49916	0.64000	0.06115	0.77527
9	2.0	ROSA	69893.60000	0.42320	0.58000	0.22642	0.90176
9	2.0	NOSF	55907.27640	0.55164	0.25000	0.27753	0.41590
9	2.0	RMWS	56643.89720	0.48279	0.61000	0.10185	0.80132
Average:	2.0	ROSA	67761.40000	0.45215	0.57800	0.19726	0.78446
Average:	2.0	NOSF	57441.30006	0.55207	0.24200	0.24831	0.41424
Average:	2.0	RMWS	56479.13290	0.50446	0.60200	0.07914	0.82075
0	3.0	ROSA	53928.00000	0.66893	0.64000	0.03298	0.47416
0	3.0	NOSF	30294.75000	0.80472	0.46000	0.05356	0.21858
0	3.0	RMWS	25359.75320	0.81213	0.69000	-0.02764	0.51880
1	3.0	ROSA	44546.40000	0.64278	0.78000	0.00770	0.43379
1	3.0	NOSF	31264.01700	0.71943	0.54000	0.01240	0.30685
1	3.0	RMWS	20684.50380	0.76345	0.69000	-0.11031	0.64809
2	3.0	ROSA	65747.20000	0.48151	0.67000	0.04909	0.63447
2	3.0	NOSF	33869.21040	0.72352	0.43000	0.07435	0.22577
2	3.0	RMWS	22868.56800	0.77871	0.70000	-0.08877	0.57382
3	3.0	ROSA	60337.20000	0.75201	0.75000	0.01432	0.46313
3	3.0	NOSF	44206.96520	0.80364	0.46000	0.04338	0.31877
3	3.0	RMWS	27342.89380	0.85185	0.76000	-0.07988	0.69972
4	3.0	ROSA	49723.20000	0.70938	0.75000	0.01107	0.39955
4	3.0	NOSF	36435.72600	0.77642	0.49000	0.03146	0.24080
4	3.0	RMWS	22378.39500	0.83494	0.73000	-0.09073	0.51422
5	3.0	ROSA	41940.80000	0.48587	0.70000	0.00647	0.41622
5	3.0	NOSF	26111.84840	0.59287	0.53000	0.03360	0.29515
5	3.0	RMWS	17312.33480	0.63292	0.83000	-0.13148	0.47827
6	3.0	ROSA	66157.60000	0.40164	0.61000	0.06921	0.83842
6	3.0	NOSF	26285.26520	0.70212	0.39000	0.09612	0.31714
6	3.0	RMWS	24436.88740	0.66573	0.68000	-0.07090	0.58243
7	3.0	ROSA	70472.40000	0.65732	0.75000	0.00551	0.62551
7	3.0	NOSF	48751.11400	0.78629	0.51000	0.05082	0.31127
7	3.0	RMWS	32464.29660	0.84799	0.69000	-0.08017	0.59808
8	3.0	ROSA	59903.60000	0.57318	0.67000	0.01478	0.73785
8	3.0	NOSF	33620.23180	0.75822	0.40000	0.09362	0.29866
8	3.0	RMWS	27104.55880	0.77452	0.69000	-0.11649	0.47928
9	3.0	ROSA	54686.40000	0.62600	0.65000	0.02562	0.56801
9	3.0	NOSF	33631.76200	0.77698	0.49000	0.04097	0.27226
9	3.0	RMWS	28101.97200	0.78491	0.70000	-0.07165	0.61595
Average:	3.0	ROSA	56744.28000	0.59986	0.69700	0.02368	0.55911
Average:	3.0	NOSF	34447.08900	0.74442	0.47000	0.05303	0.28052
Average:	3.0	RMWS	24805.41634	0.77472	0.71600	-0.08680	0.57086
0	4.0	ROSA	39268.80000	0.70542	0.72000	-0.05153	0.27343
0	4.0	NOSF	17544.95180	0.80615	0.53000	0.00638	0.17148
0	4.0	RMWS	16150.64380	0.80766	0.81000	-0.15108	0.30162
1	4.0	ROSA	61703.60000	0.75546	0.81000	-0.03775	0.50081
1	4.0	NOSF	32214.91320	0.83171	0.61000	-0.01231	0.27236
1	4.0	RMWS	25223.00720	0.85385	0.76000	-0.10260	0.60506
2	4.0	ROSA	54038.40000	0.52021	0.66000	0.02849	0.53276
2	4.0	NOSF	30190.28440	0.68580	0.60000	-0.02293	0.29455
2	4.0	RMWS	18362.37560	0.72925	0.67000	-0.12409	0.58752
3	4.0	ROSA	61814.40000	0.66940	0.74000	-0.02976	0.46418
3	4.0	NOSF	22913.88060	0.86940	0.59000	-0.02887	0.16194
3	4.0	RMWS	17567.30140	0.90386	0.79000	-0.11383	0.40881
4	4.0	ROSA	56140.40000	0.69766	0.65000	0.00573	0.48642
4	4.0	NOSF	31034.15020	0.80378	0.61000	-0.01477	0.24398
4	4.0	RMWS	23347.49980	0.82045	0.69000	-0.09987	0.61191
5	4.0	ROSA	58448.00000	0.77346	0.73000	-0.04894	0.41087
5	4.0	NOSF	27037.28600	0.84774	0.63000	-0.04199	0.26027
5	4.0	RMWS	25020.84080	0.86464	0.80000	-0.10145	0.58615
6	4.0	ROSA	46588.00000	0.66259	0.71000	-0.01778	0.41280
6	4.0	NOSF	23530.03980	0.77451	0.61000	-0.03586	0.26196
6	4.0	RMWS	16367.39740	0.80595	0.79000	-0.14834	0.56524
7	4.0	ROSA	47455.20000	0.81809	0.84000	-0.04085	0.27135
7	4.0	NOSF	25267.46500	0.84350	0.69000	-0.07783	0.21617
7	4.0	RMWS	15060.83500	0.87261	0.85000	-0.16837	0.51157
8	4.0	ROSA	52636.80000	0.72964	0.75000	-0.02734	0.43899
8	4.0	NOSF	31449.27880	0.80128	0.56000	-0.03218	0.27812
8	4.0	RMWS	17942.97100	0.84679	0.77000	-0.10470	0.52163
9	4.0	ROSA	45370.80000	0.72500	0.70000	-0.00537	0.27549
9	4.0	NOSF	19097.33720	0.79563	0.70000	-0.03762	0.22341
9	4.0	RMWS	15386.93120	0.80365	0.80000	-0.15128	0.54532
Average:	4.0	ROSA	52346.44000	0.70569	0.73100	-0.02251	0.40671
Average:	4.0	NOSF	26027.95870	0.80595	0.61300	-0.02980	0.23842
Average:	4.0	RMWS	19042.98032	0.83087	0.77300	-0.12656	0.52448
0	5.0	ROSA	56701.60000	0.80348	0.82000	-0.06876	0.35388
0	5.0	NOSF	29794.31820	0.85560	0.72000	-0.05351	0.28270
0	5.0	RMWS	14912.10940	0.87607	0.95000	-0.17409	0.60270
1	5.0	ROSA	37294.40000	0.49846	0.88000	-0.06316	0.33532
1	5.0	NOSF	8518.15480	0.76382	0.70000	-0.04540	0.18233
1	5.0	RMWS	10097.97820	0.70453	0.92000	-0.23512	0.46868
2	5.0	ROSA	52804.40000	0.62148	0.75000	-0.05751	0.38816
2	5.0	NOSF	22645.33880	0.79474	0.73000	-0.05071	0.23665
2	5.0	RMWS	16937.27080	0.81073	0.93000	-0.20994	0.55116
3	5.0	ROSA	49915.60000	0.58462	0.80000	-0.05007	0.46206
3	5.0	NOSF	18604.13620	0.78215	0.65000	-0.03105	0.26002
3	5.0	RMWS	17018.51400	0.76905	0.90000	-0.20719	0.64719
4	5.0	ROSA	56396.40000	0.73738	0.89000	-0.06248	0.37611
4	5.0	NOSF	28792.35820	0.82074	0.60000	-0.02134	0.24044
4	5.0	RMWS	25454.16200	0.82193	0.91000	-0.18352	0.59109
5	5.0	ROSA	49679.20000	0.59100	0.77000	-0.05085	0.42688
5	5.0	NOSF	21176.51760	0.78847	0.65000	-0.03780	0.21263
5	5.0	RMWS	16075.33760	0.79284	0.84000	-0.17763	0.53075
6	5.0	ROSA	56244.40000	0.77047	0.72000	-0.06189	0.42397
6	5.0	NOSF	27522.16440	0.85345	0.71000	-0.05357	0.27378
6	5.0	RMWS	13690.34240	0.86125	0.92000	-0.19023	0.61943
7	5.0	ROSA	50434.00000	0.64874	0.87000	-0.06390	0.40643
7	5.0	NOSF	20861.85460	0.81372	0.68000	-0.03261	0.25587
7	5.0	RMWS	19873.69140	0.78324	0.93000	-0.17752	0.56312
8	5.0	ROSA	44812.40000	0.80437	0.84000	-0.07380	0.27544
8	5.0	NOSF	22920.15820	0.83567	0.73000	-0.06002	0.21193
8	5.0	RMWS	16054.04600	0.84631	0.93000	-0.20627	0.54854
9	5.0	ROSA	38784.40000	0.73597	0.79000	-0.02119	0.26223
9	5.0	NOSF	16077.96700	0.80438	0.64000	-0.02781	0.22179
9	5.0	RMWS	16651.55380	0.79268	0.89000	-0.18067	0.47118
Average:	5.0	ROSA	49306.68000	0.67960	0.81300	-0.05736	0.37105
Average:	5.0	NOSF	21691.29680	0.81127	0.68100	-0.04138	0.23781
Average:	5.0	RMWS	16676.50056	0.80586	0.91200	-0.19422	0.55938
0	6.0	ROSA	45994.40000	0.62441	0.82000	-0.09494	0.31971
0	6.0	NOSF	8736.79620	0.85637	0.80000	-0.09956	0.20084
0	6.0	RMWS	12679.30320	0.79632	0.98000	-0.25728	0.39612
1	6.0	ROSA	56777.20000	0.83797	0.92000	-0.07857	0.24966
1	6.0	NOSF	29993.67680	0.87147	0.84000	-0.08364	0.24022
1	6.0	RMWS	18999.01900	0.86789	1.00000	-0.25485	0.48538
2	6.0	ROSA	34681.60000	0.66941	0.91000	-0.11106	0.23262
2	6.0	NOSF	10683.91320	0.79561	0.81000	-0.10260	0.19857
2	6.0	RMWS	9740.04520	0.74915	1.00000	-0.29545	0.51890
3	6.0	ROSA	51761.20000	0.71243	0.91000	-0.08489	0.33126
3	6.0	NOSF	12992.71080	0.86930	0.85000	-0.08960	0.22746
3	6.0	RMWS	10445.76020	0.85549	0.99000	-0.26738	0.47033
4	6.0	ROSA	38394.40000	0.72389	0.93000	-0.10220	0.22005
4	6.0	NOSF	14550.09980	0.84439	0.67000	-0.07533	0.18237
4	6.0	RMWS	12730.05800	0.81105	0.98000	-0.28154	0.48161
5	6.0	ROSA	42704.40000	0.73672	0.84000	-0.07896	0.24593
5	6.0	NOSF	15480.27640	0.84131	0.79000	-0.09029	0.19391
5	6.0	RMWS	16718.42340	0.78564	1.00000	-0.23827	0.49859
6	6.0	ROSA	65533.60000	0.68675	0.94000	-0.08156	0.53238
6	6.0	NOSF	37295.73580	0.83573	0.73000	-0.06562	0.26952
6	6.0	RMWS	18178.06480	0.84450	0.98000	-0.24823	0.60693
7	6.0	ROSA	50992.00000	0.64099	0.91000	-0.08725	0.36151
7	6.0	NOSF	13690.03520	0.83042	0.78000	-0.08095	0.22744
7	6.0	RMWS	17031.60500	0.79893	0.98000	-0.28231	0.39962
8	6.0	ROSA	53396.00000	0.76419	0.96000	-0.09207	0.22419
8	6.0	NOSF	18952.16600	0.91742	0.78000	-0.07359	0.12807
8	6.0	RMWS	17341.88080	0.90477	0.99000	-0.29910	0.35312
9	6.0	ROSA	55337.60000	0.71975	0.89000	-0.09110	0.37716
9	6.0	NOSF	18235.98480	0.86020	0.76000	-0.05570	0.27402
9	6.0	RMWS	15106.55320	0.82390	0.95000	-0.25008	0.61547
Average:	6.0	ROSA	49557.24000	0.71165	0.90300	-0.09026	0.30945
Average:	6.0	NOSF	18061.13950	0.85222	0.78100	-0.08169	0.21424
Average:	6.0	RMWS	14897.07128	0.82376	0.98500	-0.26745	0.48261
0	7.0	ROSA	36300.80000	0.71875	0.98000	-0.11420	0.23262
0	7.0	NOSF	9468.55380	0.82466	0.83000	-0.11314	0.21592
0	7.0	RMWS	11700.08840	0.77344	0.95000	-0.32612	0.45112
1	7.0	ROSA	39256.00000	0.77772	0.97000	-0.11117	0.24913
1	7.0	NOSF	14574.51880	0.82900	0.84000	-0.08671	0.22723
1	7.0	RMWS	13233.61840	0.79785	0.98000	-0.31521	0.51931
2	7.0	ROSA	38643.60000	0.73215	0.96000	-0.11752	0.22135
2	7.0	NOSF	8404.63220	0.84647	0.84000	-0.11995	0.21016
2	7.0	RMWS	9688.28040	0.79545	0.98000	-0.31668	0.54491
3	7.0	ROSA	37012.00000	0.62496	0.98000	-0.08730	0.23239
3	7.0	NOSF	7069.79120	0.82485	0.78000	-0.08092	0.17779
3	7.0	RMWS	7769.79320	0.80876	0.97000	-0.38402	0.45428
4	7.0	ROSA	38889.60000	0.66767	0.95000	-0.08466	0.24724
4	7.0	NOSF	10859.21600	0.83582	0.78000	-0.09570	0.19195
4	7.0	RMWS	11818.02860	0.78792	0.99000	-0.32796	0.47603
5	7.0	ROSA	49724.80000	0.83366	0.97000	-0.11716	0.26729
5	7.0	NOSF	24216.72060	0.85579	0.74000	-0.07267	0.28141
5	7.0	RMWS	19303.64600	0.86388	0.98000	-0.33079	0.63803
6	7.0	ROSA	51369.20000	0.67956	0.97000	-0.11366	0.28569
6	7.0	NOSF	8953.88140	0.88128	0.86000	-0.11569	0.18023
6	7.0	RMWS	9609.13480	0.86522	1.00000	-0.37298	0.46813
7	7.0	ROSA	62893.60000	0.82059	0.98000	-0.12190	0.32342
7	7.0	NOSF	36982.87400	0.87542	0.74000	-0.08376	0.26699
7	7.0	RMWS	21321.44320	0.88114	0.98000	-0.32303	0.57220
8	7.0	ROSA	40230.40000	0.69960	1.00000	-0.11538	0.24196
8	7.0	NOSF	7262.40120	0.85088	0.87000	-0.10531	0.20798
8	7.0	RMWS	11966.22000	0.78108	0.99000	-0.34356	0.48225
9	7.0	ROSA	52412.00000	0.85096	0.97000	-0.10171	0.23867
9	7.0	NOSF	30964.48680	0.84702	0.82000	-0.12152	0.24072
9	7.0	RMWS	16767.37380	0.88936	0.99000	-0.33064	0.53105
Average:	7.0	ROSA	44673.20000	0.74056	0.97300	-0.10847	0.25398
Average:	7.0	NOSF	15875.70760	0.84712	0.81000	-0.09954	0.22004
Average:	7.0	RMWS	13317.76268	0.82441	0.98100	-0.33710	0.51373
0	8.0	ROSA	39631.20000	0.73029	0.98000	-0.10631	0.19193
0	8.0	NOSF	8429.58540	0.86225	0.82000	-0.11575	0.16885
0	8.0	RMWS	12288.78260	0.82048	0.98000	-0.37186	0.45334
1	8.0	ROSA	56400.00000	0.80593	1.00000	-0.13609	0.31171
1	8.0	NOSF	28842.39340	0.85590	0.82000	-0.12411	0.29009
1	8.0	RMWS	13989.45360	0.87213	1.00000	-0.34783	0.60471
2	8.0	ROSA	38518.40000	0.75113	0.99000	-0.13237	0.23221
2	8.0	NOSF	14456.84320	0.83204	0.79000	-0.11233	0.23083
2	8.0	RMWS	14779.61440	0.81303	1.00000	-0.36596	0.51840
3	8.0	ROSA	26579.20000	0.58382	1.00000	-0.15002	0.20139
3	8.0	NOSF	3573.10020	0.77615	0.90000	-0.17412	0.17361
3	8.0	RMWS	4886.78800	0.71561	1.00000	-0.41755	0.41472
4	8.0	ROSA	45286.00000	0.81004	0.99000	-0.16035	0.25383
4	8.0	NOSF	23753.82240	0.84048	0.86000	-0.14302	0.25359
4	8.0	RMWS	15278.45840	0.83674	0.97000	-0.34023	0.47016
5	8.0	ROSA	42703.60000	0.73048	1.00000	-0.12041	0.23910
5	8.0	NOSF	14681.33760	0.85386	0.87000	-0.13783	0.18878
5	8.0	RMWS	11320.57040	0.84381	0.99000	-0.35079	0.45291
6	8.0	ROSA	42127.60000	0.74256	0.99000	-0.10676	0.23895
6	8.0	NOSF	9066.48800	0.85360	0.78000	-0.09525	0.23599
6	8.0	RMWS	11568.43000	0.83303	0.98000	-0.37660	0.59315
7	8.0	ROSA	45584.00000	0.75760	1.00000	-0.11954	0.29315
7	8.0	NOSF	20248.17540	0.84190	0.76000	-0.13511	0.25154
7	8.0	RMWS	12440.21360	0.84244	0.97000	-0.38253	0.62569
8	8.0	ROSA	36568.00000	0.72655	1.00000	-0.13223	0.26022
8	8.0	NOSF	11695.63120	0.82828	0.84000	-0.12216	0.21495
8	8.0	RMWS	12443.05560	0.79293	0.97000	-0.34929	0.45678
9	8.0	ROSA	39369.20000	0.81171	0.99000	-0.13411	0.17314
9	8.0	NOSF	8888.69420	0.88324	0.91000	-0.12957	0.18125
9	8.0	RMWS	12017.46200	0.84562	0.98000	-0.37124	0.43415
Average:	8.0	ROSA	41276.72000	0.74501	0.99400	-0.12982	0.23956
Average:	8.0	NOSF	14363.60710	0.84277	0.83500	-0.12892	0.21895
Average:	8.0	RMWS	12101.28286	0.82158	0.98400	-0.36739	0.50240
