Workflow Count: 30 alft_Task execution time : 0.2 vita_Data transfer time: 0.2 gama_Deadline Factor: 4.0
Repeat	workflowNum	Name	totalCost	               totalRU	totalSR	   DD	  ST
0	30.0	ROSA	10394.40000	0.53700	0.83333	-0.06874	0.07128
0	30.0	NOSF	7030.89060	0.67267	0.53333	0.01381	0.04687
0	30.0	RMWS	1254.99240	0.79087	0.83333	-0.17152	0.15927
1	30.0	ROSA	39116.80000	0.63431	0.73333	-0.03513	0.18551
1	30.0	NOSF	22174.01480	0.85862	0.56667	-0.03737	0.08285
1	30.0	RMWS	11747.39800	0.91161	0.70000	-0.01995	0.20710
2	30.0	ROSA	19388.00000	0.25932	0.73333	-0.04854	0.13665
2	30.0	NOSF	5891.51240	0.59456	0.53333	-0.01959	0.05860
2	30.0	RMWS	1447.98480	0.71344	0.76667	-0.12598	0.16482
3	30.0	ROSA	22524.80000	0.50467	0.73333	-0.08044	0.13884
3	30.0	NOSF	7295.94040	0.81867	0.66667	-0.06517	0.06510
3	30.0	RMWS	6122.11280	0.81172	0.60000	-0.05125	0.21323
4	30.0	ROSA	19670.40000	0.62048	0.80000	-0.06197	0.10005
4	30.0	NOSF	2654.69440	0.90736	0.50000	-0.00049	0.05391
4	30.0	RMWS	3617.74760	0.89125	0.83333	-0.10271	0.18398
5	30.0	ROSA	27130.40000	0.50825	0.76667	-0.04171	0.17651
5	30.0	NOSF	3599.27500	0.87924	0.46667	-0.02459	0.07548
5	30.0	RMWS	3537.33720	0.85545	0.70000	-0.04698	0.26802
6	30.0	ROSA	19961.60000	0.48040	0.56667	-0.02588	0.14005
6	30.0	NOSF	6706.33580	0.78763	0.46667	-0.01335	0.07161
6	30.0	RMWS	4820.51480	0.76258	0.63333	-0.09424	0.24125
7	30.0	ROSA	19753.60000	0.44250	0.73333	-0.04683	0.11837
7	30.0	NOSF	9489.31620	0.73236	0.50000	0.00697	0.05061
7	30.0	RMWS	3947.64260	0.83514	0.60000	-0.07388	0.16219
8	30.0	ROSA	33558.80000	0.27518	0.66667	-0.02904	0.27961
8	30.0	NOSF	5799.27400	0.72508	0.60000	0.00599	0.08117
8	30.0	RMWS	2679.26840	0.76127	0.63333	-0.08943	0.21241
9	30.0	ROSA	14752.80000	0.36088	0.83333	-0.06435	0.11167
9	30.0	NOSF	5955.69700	0.65332	0.76667	-0.09304	0.05694
9	30.0	RMWS	3650.77480	0.66698	0.70000	-0.18730	0.21309
Average:	30.0	ROSA	22625.16000	0.46230	0.74000	-0.05026	0.14585
Average:	30.0	NOSF	7659.69506	0.76295	0.56000	-0.02268	0.06431
Average:	30.0	RMWS	4282.57734	0.80003	0.70000	-0.09632	0.20254
0	50.0	ROSA	29221.20000	0.62468	0.76000	-0.04591	0.13591
0	50.0	NOSF	9399.71380	0.87039	0.56000	-0.02950	0.06933
0	50.0	RMWS	10509.75480	0.85732	0.70000	-0.10249	0.17380
1	50.0	ROSA	22708.00000	0.58650	0.76000	-0.04623	0.13516
1	50.0	NOSF	12812.55100	0.73595	0.58000	-0.01267	0.08101
1	50.0	RMWS	8600.82840	0.77502	0.68000	-0.11534	0.21852
2	50.0	ROSA	37577.20000	0.60034	0.74000	-0.04864	0.23436
2	50.0	NOSF	15959.24020	0.84211	0.62000	-0.04486	0.09654
2	50.0	RMWS	10559.57380	0.86023	0.68000	-0.07986	0.22289
3	50.0	ROSA	20347.20000	0.62099	0.84000	-0.09352	0.12095
3	50.0	NOSF	9312.42180	0.80774	0.58000	-0.01661	0.06807
3	50.0	RMWS	6274.84080	0.83171	0.80000	-0.13242	0.17947
4	50.0	ROSA	34462.40000	0.47134	0.62000	-0.03623	0.29786
4	50.0	NOSF	10604.76540	0.78956	0.52000	-0.00920	0.11959
4	50.0	RMWS	7621.95020	0.76992	0.66000	-0.08882	0.33011
5	50.0	ROSA	39868.80000	0.68110	0.76000	-0.03802	0.25749
5	50.0	NOSF	30925.06420	0.76361	0.54000	-0.01577	0.12772
5	50.0	RMWS	10964.51180	0.86060	0.64000	-0.08591	0.26932
6	50.0	ROSA	17340.80000	0.44710	0.80000	-0.02881	0.14150
6	50.0	NOSF	7470.72760	0.64751	0.66000	-0.01514	0.07723
6	50.0	RMWS	3441.16680	0.69145	0.82000	-0.17446	0.26810
7	50.0	ROSA	30989.60000	0.57404	0.66000	-0.04585	0.17800
7	50.0	NOSF	11524.45620	0.83740	0.64000	-0.02907	0.07908
7	50.0	RMWS	9649.33580	0.85292	0.74000	-0.07860	0.16344
8	50.0	ROSA	21465.60000	0.52364	0.74000	-0.05695	0.14279
8	50.0	NOSF	8380.78820	0.72894	0.66000	0.00586	0.09589
8	50.0	RMWS	3733.39760	0.77566	0.80000	-0.13295	0.27440
9	50.0	ROSA	25047.60000	0.51417	0.70000	-0.04018	0.17864
9	50.0	NOSF	9307.72960	0.70760	0.66000	-0.03055	0.11679
9	50.0	RMWS	5460.76840	0.74099	0.82000	-0.13447	0.32340
Average:	50.0	ROSA	27902.84000	0.56439	0.73800	-0.04803	0.18227
Average:	50.0	NOSF	12569.74580	0.77308	0.60200	-0.01975	0.09312
Average:	50.0	RMWS	7681.61284	0.80158	0.73400	-0.11253	0.24235
0	100.0	ROSA	64621.60000	0.58821	0.76000	-0.02494	0.52492
0	100.0	NOSF	23016.91920	0.83365	0.56000	-0.01234	0.17699
0	100.0	RMWS	16436.08500	0.84733	0.77000	-0.11783	0.38709
1	100.0	ROSA	45726.80000	0.60643	0.75000	-0.03025	0.30220
1	100.0	NOSF	19138.46700	0.78593	0.52000	0.00218	0.18039
1	100.0	RMWS	14048.78300	0.80816	0.82000	-0.17389	0.39586
2	100.0	ROSA	58481.60000	0.74395	0.80000	-0.02732	0.40198
2	100.0	NOSF	23348.64040	0.85771	0.54000	0.00525	0.19486
2	100.0	RMWS	24963.92580	0.85458	0.73000	-0.12028	0.51458
3	100.0	ROSA	54028.40000	0.78554	0.70000	-0.03644	0.33988
3	100.0	NOSF	22510.57140	0.87384	0.60000	-0.04417	0.21615
3	100.0	RMWS	21214.22340	0.86720	0.66000	-0.06793	0.51693
4	100.0	ROSA	44254.00000	0.74655	0.75000	-0.03104	0.28969
4	100.0	NOSF	12657.16220	0.84269	0.64000	-0.01424	0.22297
4	100.0	RMWS	13586.27180	0.84454	0.79000	-0.12280	0.52634
5	100.0	ROSA	54233.60000	0.61684	0.69000	-0.01011	0.40685
5	100.0	NOSF	21826.66640	0.81070	0.63000	-0.01945	0.22528
5	100.0	RMWS	17005.66000	0.82078	0.74000	-0.12566	0.53952
6	100.0	ROSA	40589.20000	0.72237	0.78000	-0.04041	0.24791
6	100.0	NOSF	20129.35900	0.81331	0.62000	-0.02692	0.14931
6	100.0	RMWS	14877.26240	0.85436	0.83000	-0.15892	0.36825
7	100.0	ROSA	43974.40000	0.43861	0.67000	-0.01065	0.44725
7	100.0	NOSF	17712.96720	0.66612	0.64000	-0.00560	0.26387
7	100.0	RMWS	13074.67040	0.65812	0.73000	-0.17226	0.50631
8	100.0	ROSA	40117.60000	0.68010	0.78000	-0.03134	0.27004
8	100.0	NOSF	26073.86180	0.71670	0.63000	-0.02650	0.24106
8	100.0	RMWS	13579.92280	0.82079	0.83000	-0.15697	0.47198
9	100.0	ROSA	46420.00000	0.75591	0.75000	-0.03543	0.32352
9	100.0	NOSF	21845.64800	0.83922	0.59000	-0.02598	0.24365
9	100.0	RMWS	17466.25820	0.83584	0.74000	-0.09599	0.39061
Average:	100.0	ROSA	49244.72000	0.66845	0.74300	-0.02779	0.35542
Average:	100.0	NOSF	20826.02626	0.80399	0.59700	-0.01678	0.21145
Average:	100.0	RMWS	16625.30628	0.82117	0.76400	-0.13125	0.46175
0	200.0	ROSA	88067.20000	0.77716	0.72000	-0.00489	0.88443
0	200.0	NOSF	67662.86180	0.78553	0.62500	-0.03257	0.57013
0	200.0	RMWS	52226.55680	0.83740	0.75000	-0.16887	0.98748
1	200.0	ROSA	89039.20000	0.66975	0.75000	-0.02302	0.82894
1	200.0	NOSF	36266.22660	0.81158	0.65500	-0.01251	0.46290
1	200.0	RMWS	35312.61540	0.84347	0.84500	-0.23072	0.84389
2	200.0	ROSA	102806.40000	0.77676	0.76500	-0.02126	0.91866
2	200.0	NOSF	64450.50560	0.82641	0.62000	-0.02170	0.51879
2	200.0	RMWS	54667.82560	0.86637	0.81000	-0.19992	1.17791
3	200.0	ROSA	109242.40000	0.80538	0.68500	-0.00365	1.08373
3	200.0	NOSF	55843.78780	0.85842	0.60000	-0.00286	0.59517
3	200.0	RMWS	52120.15800	0.88166	0.74500	-0.09584	1.14672
4	200.0	ROSA	96672.00000	0.77629	0.74500	-0.02421	0.99000
4	200.0	NOSF	55098.57200	0.82145	0.60000	-0.01370	0.56149
4	200.0	RMWS	49221.11140	0.86458	0.79000	-0.16051	1.10739
5	200.0	ROSA	91419.60000	0.72747	0.72000	-0.01537	1.22770
5	200.0	NOSF	55404.29100	0.77011	0.59000	0.00110	0.79588
5	200.0	RMWS	46845.77820	0.80918	0.75000	-0.16604	1.29416
6	200.0	ROSA	107136.80000	0.71635	0.78000	-0.00409	0.99983
6	200.0	NOSF	56144.78960	0.83136	0.56000	-0.01147	0.56883
6	200.0	RMWS	48110.73540	0.85621	0.79500	-0.19300	1.14322
7	200.0	ROSA	70328.00000	0.74144	0.75500	-0.02228	0.72162
7	200.0	NOSF	45142.29480	0.78675	0.62000	-0.00643	0.44216
7	200.0	RMWS	33364.05220	0.85562	0.81000	-0.21563	0.87774
8	200.0	ROSA	112088.40000	0.64703	0.67000	-0.00017	1.12650
8	200.0	NOSF	45660.52140	0.84696	0.57500	-0.01008	0.45115
8	200.0	RMWS	48352.90900	0.85034	0.77000	-0.16439	0.97627
9	200.0	ROSA	84382.80000	0.62340	0.74500	-0.02636	1.06117
9	200.0	NOSF	28506.59200	0.81432	0.60000	-0.00502	0.50914
9	200.0	RMWS	32710.28400	0.80661	0.86500	-0.19240	0.89747
Average:	200.0	ROSA	95118.28000	0.72610	0.73350	-0.01453	0.98426
Average:	200.0	NOSF	51018.04426	0.81529	0.60450	-0.01152	0.54757
Average:	200.0	RMWS	45293.20260	0.84714	0.79300	-0.17873	1.04523
0	500.0	ROSA	229288.00000	0.77352	0.69800	-0.00969	2.29645
0	500.0	NOSF	121758.84440	0.85088	0.56200	0.00494	1.11603
0	500.0	RMWS	159795.59920	0.86067	0.91600	-0.29720	1.72391
1	500.0	ROSA	223213.60000	0.70759	0.65800	-0.00432	2.60357
1	500.0	NOSF	107174.21560	0.83896	0.56800	0.01178	1.21817
1	500.0	RMWS	147385.73880	0.84454	0.85400	-0.27594	1.88976
2	500.0	ROSA	245655.60000	0.75287	0.71200	0.00377	2.47662
2	500.0	NOSF	161277.04500	0.85545	0.57600	0.00247	1.16995
2	500.0	RMWS	164012.56540	0.86987	0.85800	-0.27396	2.18578
3	500.0	ROSA	225056.40000	0.76964	0.73000	-0.01006	2.55689
3	500.0	NOSF	112091.52420	0.85995	0.58200	0.00483	1.14747
3	500.0	RMWS	152838.61740	0.86684	0.86000	-0.28326	1.73881
4	500.0	ROSA	262542.40000	0.75036	0.71600	0.00964	2.69752
4	500.0	NOSF	159301.45660	0.84970	0.57000	-0.00179	1.21914
4	500.0	RMWS	178368.87040	0.86022	0.85600	-0.28650	2.14189
5	500.0	ROSA	238621.60000	0.69358	0.72800	0.00668	2.65683
5	500.0	NOSF	105515.33060	0.86280	0.58000	-0.00408	1.07985
5	500.0	RMWS	143833.96340	0.86280	0.87800	-0.28056	1.87576
6	500.0	ROSA	217620.00000	0.79340	0.71600	-0.00211	2.23094
6	500.0	NOSF	134646.61380	0.86033	0.58600	-0.00759	1.03875
6	500.0	RMWS	151290.43540	0.85720	0.85000	-0.25051	1.82481
7	500.0	ROSA	263723.60000	0.72507	0.70000	0.00176	2.63198
7	500.0	NOSF	134405.24780	0.87017	0.55800	0.00615	1.18018
7	500.0	RMWS	165471.75680	0.87563	0.85400	-0.26444	1.89547
8	500.0	ROSA	239328.00000	0.74768	0.73000	-0.00013	2.19331
8	500.0	NOSF	126276.52540	0.87007	0.61600	-0.00308	1.00162
8	500.0	RMWS	149508.23280	0.88104	0.88400	-0.28557	1.93411
9	500.0	ROSA	221833.60000	0.75535	0.72000	-0.00503	2.57490
9	500.0	NOSF	129376.77560	0.84043	0.54600	0.00799	1.26052
9	500.0	RMWS	152417.83620	0.85730	0.86400	-0.30165	2.27996
Average:	500.0	ROSA	236688.28000	0.74691	0.71080	-0.00095	2.49190
Average:	500.0	NOSF	129182.35790	0.85587	0.57440	0.00216	1.14317
Average:	500.0	RMWS	156492.36158	0.86361	0.86740	-0.27996	1.94903
0	1000.0	ROSA	481157.20000	0.71306	0.70200	-0.00009	4.43874
0	1000.0	NOSF	215349.51520	0.88319	0.59400	-0.00355	1.75920
0	1000.0	RMWS	380070.70760	0.79569	0.91300	-0.39072	3.38789
1	1000.0	ROSA	449980.40000	0.78141	0.69800	0.00133	4.18424
1	1000.0	NOSF	235734.93640	0.88283	0.54700	0.01166	1.95582
1	1000.0	RMWS	404308.83180	0.78487	0.91500	-0.39340	3.40927
2	1000.0	ROSA	490193.20000	0.70554	0.65600	0.01388	4.54483
2	1000.0	NOSF	227768.67160	0.87748	0.58400	0.00561	1.85536
2	1000.0	RMWS	384979.25560	0.78992	0.93300	-0.40633	4.03816
3	1000.0	ROSA	447642.40000	0.72271	0.70500	0.00207	4.08035
3	1000.0	NOSF	201700.06040	0.87390	0.55800	0.01192	1.80837
3	1000.0	RMWS	382532.47320	0.76944	0.93900	-0.42536	4.03514
4	1000.0	ROSA	442466.00000	0.68626	0.69200	0.01915	4.45199
4	1000.0	NOSF	198749.85780	0.85029	0.57300	0.01166	1.94964
4	1000.0	RMWS	370160.67840	0.74821	0.95100	-0.42227	4.07655
5	1000.0	ROSA	456696.00000	0.80554	0.70900	-0.00486	3.66349
5	1000.0	NOSF	247799.23840	0.88978	0.60200	0.00281	1.65557
5	1000.0	RMWS	391417.53060	0.83186	0.92400	-0.39168	3.37703
6	1000.0	ROSA	518281.60000	0.74876	0.70700	0.00692	4.44089
6	1000.0	NOSF	252254.03900	0.88409	0.57000	0.00919	1.93445
6	1000.0	RMWS	419248.33280	0.81734	0.93900	-0.39850	3.90722
7	1000.0	ROSA	473588.00000	0.74569	0.69700	0.00837	4.08281
7	1000.0	NOSF	209002.44860	0.88902	0.60900	0.00234	1.82327
7	1000.0	RMWS	371781.01340	0.81893	0.93900	-0.38901	3.56312
8	1000.0	ROSA	452178.80000	0.74154	0.72100	-0.01754	3.80916
8	1000.0	NOSF	208489.33180	0.88634	0.57700	0.00862	1.57918
8	1000.0	RMWS	377029.82360	0.80162	0.94600	-0.41672	3.56860
9	1000.0	ROSA	449212.80000	0.75154	0.68500	0.00397	4.03055
9	1000.0	NOSF	250380.32120	0.87065	0.60500	-0.00236	1.66374
9	1000.0	RMWS	383037.06040	0.78543	0.94100	-0.40831	3.70864
Average:	1000.0	ROSA	466139.64000	0.74020	0.69720	0.00332	4.17270
Average:	1000.0	NOSF	224722.84204	0.87876	0.58190	0.00579	1.79846
Average:	1000.0	RMWS	386456.57074	0.79433	0.93400	-0.40423	3.70716
